9180533
9180583
9180592
9180594
9180600
9180607
9180608
9180662
9180684
9180694
9180695
9180696
9180703
9180704
9180705
9180931
9181183
9181570
9181571
9181572
9181573
9181574
9181655
9181722
9181723
9181731
9181818
9181857
9181859
9181871
9181886
9181887
9181888
9181932
9181933
9181962
9181963
9181964
9181965
9181966
9181967
9181970
9181971
9181972
9181973
9181974
9181975
9181978
9181979
9181980
9181981
9181982
9181983
9181984
9181985
9181986
9181987
9181988
9181989
9181990
9181992
9181995
9181996
9181998
9181999
9182000
9182001
9182002
9182003
9182004
9182005
9182006
9182008
9182009
9182010
9182011
9182012
9182014
9182023
9182148
9182272
9182282
9182291
9182292
9182301
9182303
9182304
9182306
9182307
9182310
9182312
9182314
9182316
9182330
9182342
9182344
9182345
9182346
9182354
9182355
